receptor = 6TKK_ReceptorMini.pdbqt
exhaustiveness  = 8
center_x = -7.69730149955
center_y = -10.578
center_z = 18.759
size_x = 27.6866258188
size_y = 27.0
size_z = 27.343
