receptor = 6TKK_ReceptorMini.pdbqt
exhaustiveness  = 12
center_x = -7.69730149955
center_y = -10.578
center_z = 18.759
size_x = 30.6866258188
size_y = 30.0
size_z = 30.343
